accuracy = 0.5324324324324324
auprc = 0.5999462556966779
auroc = 0.6188013562146986
eval_loss = 1.5153488371683204
f1_score = 0.3770108665472838
fn = 15955
fp = 134
mcc = 0.0948745030851719
precisionoo = 0.8088445078459344
recalloo = 0.03431787919138119
tn = 17754
tp = 567
