accuracy = 0.6608834641092706
auprc = 0.6957437758796837
auroc = 0.7196041052706004
eval_loss = 0.6551366852677387
f1_score = 0.6594647665398417
fn = 6262
fp = 5407
mcc = 0.31974940778617744
precision = 0.6548796834109912
recall = 0.6209901948916596
tn = 12481
tp = 10260
