accuracy = 0.664806742226097
auprc = 0.7072715411836219
auroc = 0.7287868678889469
eval_loss = 0.6755912149298018
f1_score = 0.6642869422955888
fn = 5761
fp = 5773
mcc = 0.32857404654263644
precision = 0.6508406919075844
recall = 0.6513134003147318
tn = 12115
tp = 10761
