accuracy = 0.5263004940424295
auprc = 0.5905455412444613
auroc = 0.613965925372664
eval_loss = 1.6610991949620455
f1_score = 0.3601659171889927
fn = 16234
fp = 66
mcc = 0.06803831726576948
precision = 0.8135593220338984
recall = 0.01743130371625711
tn = 17822
tp = 288
